{"name":"T455416 更好的交换","group":"Luogu","url":"https://www.luogu.com.cn/problem/T455416?contestId=170286","interactive":false,"memoryLimit":512,"timeLimit":1000,"tests":[{"input":"3 2\n4 5 6\n3 2 1\n9 8 7\n0 2 3\n0 2 2\n","output":"4 6 5\n3 1 2\n9 7 8\n","id":1715946095238},{"input":"3 2\n11 12 13\n21 22 23\n31 32 33\n1 2 3\n0 2 3\n","output":"11 13 12\n31 33 32\n21 23 22\n","id":1715946095204},{"input":"4 4\n12 32 42 82\n53 43 34 98\n90 32 42 53\n37 17 88 10\n0 2 4\n1 2 4\n0 1 4\n1 1 3\n","output":"32 53 42 90\n17 10 88 37\n32 82 42 12\n43 98 34 53\n","id":1715946095259}],"testType":"single","input":{"type":"stdin"},"output":{"type":"stdout"},"languages":{"java":{"mainClass":"Main","taskClass":"T455416"}},"batch":{"id":"29471ffe-0ac6-48af-af2a-a993fd514a8f","size":1},"srcPath":"e:\\Dark_Modest\\codes\\T_455416_更好的交换.cpp"}